Signature 1	Signature 2	Signature 3	Signature 5	Signature 6	Signature 8
C>A:ACA	0.0110983262	0.0006827082	0.0221723068	0.0149415477	0.0017	0.0367180038
C>A:ACC	0.0091493407	0.0006191072	0.0178716754	0.008960918	0.0028	0.0332457222
C>A:ACG	0.0014900705	0.000099279	0.0021383396	0.002207846	0.0005	0.0025253113
C>A:ACT	0.0062338852	0.0003238914	0.0162651456	0.0092069053	0.0019	0.0335985495
C>A:CCA	0.0065958701	0.000677445	0.0187817256	0.0096749043	0.0101	0.0317237566
C>A:CCC	0.0073423678	0.000213681	0.0157604578	0.0049523006	0.0241	0.0255054071
C>A:CCG	0.0008928404	6.77046E-06	0.0019633898	0.0028006273	0.0091	0.0011596243
C>A:CCT	0.0071865816	0.0004163329	0.0147228611	0.0110134658	0.0571	0.028791173
C>A:GCA	0.008232604	0.0003520134	0.0096965397	0.011892169	0.0024	0.0236823289
C>A:GCC	0.0057580214	0.0001338169	0.0108433411	0.0092478575	0.0058	0.0158218964
C>A:GCG	0.0006163352	0.0001784417	0.0009291405	0.0028091885	0.0021	0.0008509138
C>A:GCT	0.0044590803	0.000122832	0.0122153826	0.0103012675	0.0087	0.0210612358
C>A:TCA	0.0122500637	0.0151274275	0.0116532249	0.0147740162	0.0017	0.027032383
C>A:TCC	0.0111622293	0.0065324925	0.016606775	0.012043465	0.0029	0.0180897733
C>A:TCG	0.0022754957	0.0016564554	0.0013572394	0.0039023624	0.0011	0.0016948752
C>A:TCT	0.0152591025	0.0123946107	0.016328076	0.0182433957	0.0058	0.0381413309
C>G:ACA	0.0018010684	0.000263481	0.0240026152	0.0116710217	0.0013	0.0083568448
C>G:ACC	0.0025809085	0.000269866	0.0121603037	0.0072920886	0.0012	0.0043063803
C>G:ACG	0.000592548	0.0002192339	0.0052754195	0.0023038392	0	0.0005844153
C>G:ACT	0.0029639863	0.0006109735	0.0232776563	0.0116962457	0.0018	0.0086349069
C>G:CCA	0.0012849834	2.7772077E-05	0.016832572	0.0075375232	0	0.0066190772
C>G:CCC	0.0007021348	0.0002796439	0.0135314415	0.0076332267	0	0.0060777029
C>G:CCG	0.0005062896	1.9161576E-05	0.0041764575	0.0026137604	0	0.0006560334
C>G:CCT	0.0013815427	0.0003127816	0.0240463904	0.0094170979	0.0002	0.007805027
C>G:GCA	0.0006021227	4.4838514E-05	0.0119168446	0.0055594231	0	0.0037245679
C>G:GCC	0.0023933522	1.4520103E-05	0.0098236534	0.0053888012	0.003	0.003046597
C>G:GCG	2.48534E-07	4.0665889E-05	0.0016710543	0.0011005896	0	0.0003212128
C>G:GCT	0.0008900807	0.0002684295	0.0179143343	0.0060412478	0.0017	0.0057756636
C>G:TCA	0.0018748532	0.0372418531	0.0160414054	0.002681057	0	0.0041178788
C>G:TCC	0.0020674188	1.9413411E-05	0.0201499204	0.0079240483	0.0002	0.0037996496
C>G:TCG	0.000304897	0.0016254655	0.0025279109	0.0013190756	0	0.000025653
C>G:TCT	0.0031515745	0.0668798997	0.0326736408	0.0066445957	0.0001	0.0062475537
C>T:ACA	0.0295145327	0.0074415568	0.0178721707	0.0218391876	0.0312	0.0180666872
C>T:ACC	0.014322747	0.0027263124	0.0088960343	0.0127561056	0.0163	0.005650015
C>T:ACG	0.1716469313	0.0033220833	0.0035727084	0.0167601771	0.0908	0.0192651055
C>T:ACT	0.0126237632	0.0033265284	0.0147976122	0.0164779547	0.0149	0.0208059675
C>T:CCA	0.020896447	0.0150195069	0.0143950595	0.0227692094	0.0085	0.00486581
C>T:CCC	0.0185017048	0.0035169181	0.0085447812	0.0175094763	0.0099	0.0039801504
C>T:CCG	0.0955772173	0.0049792757	0.0035184658	0.0128622376	0.0901	0.0083386392
C>T:CCT	0.0171133076	0.0089565528	0.0160755457	0.0204295134	0.0087	0.0188436274
C>T:GCA	0.0249438142	0.0063908079	0.0161272733	0.0200382586	0.0653	0.0022612627
C>T:GCC	0.027161494	0.0019958168	0.0082086324	0.0180223122	0.0773	0.0016166492
C>T:GCG	0.1035707623	0.000303021	0.0012129229	0.0131938176	0.1339	0.0116067116
C>T:GCT	0.0176898544	0.0032658182	0.0106116492	0.0195029153	0.0524	0.006284929
C>T:TCA	0.0144920996	0.4199413996	0.0088802091	0.0109975603	0.0074	0.0071806685
C>T:TCC	0.0176807754	0.0819724961	0.0135295728	0.0206449648	0.0067	0.0040610329
C>T:TCG	0.0760022217	0.0477201864	0.0017054089	0.0075344896	0.0391	0.0055351215
C>T:TCT	0.013761704	0.2286749183	0.0103044169	0.0117874618	0.0047	0.0122090705
T>A:ATA	0.0040215203	1.32377E-07	0.0084285636	0.0089029043	0.0006	0.0133650828
T>A:ATC	0.0023711442	0.0001130696	0.0073730967	0.0073992025	0.0033	0.0124312021
T>A:ATG	0.00281091	0.0005329294	0.0073573	0.0115080515	0	0.0140366571
T>A:ATT	0.0083609093	0.000149111	0.008753939	0.0111936232	0.0053	0.0241099166
T>A:CTA	0.0011825874	0.000154599	0.0075713203	0.0050431635	0.0001	0.0120242175
T>A:CTC	0.0019031669	0.000464019	0.0127254635	0.0062088437	0.0026	0.0178810924
T>A:CTG	0.0014879606	0.0002304098	0.0115085619	0.010507569	0.0008	0.0163567745
T>A:CTT	0.0021793444	0.0005748856	0.0164561777	0.0097846407	0.0011	0.0262478019
T>A:GTA	0.0006892894	0.0001149942	0.0044347826	0.0067403877	0	0.0081391786
T>A:GTC	0.0005524095	0.0002938621	0.0056154324	0.0040215965	0.0028	0.0079100803
T>A:GTG	0.0012002288	8.8721344E-05	0.0080701365	0.0068143523	0.0006	0.0090572631
T>A:GTT	0.0021071368	0.0002157555	0.0086791217	0.0051010329	0.0021	0.0178122386
T>A:TTA	0.0056001554	8.0752486E-05	0.0071326814	0.0092056373	0.0002	0.0151399962
T>A:TTC	0.0019990793	4.802898E-06	0.0091027978	0.0068353442	0.0008	0.0120935546
T>A:TTG	0.0010900657	0.000066605	0.006565863	0.0071442088	0	0.0083625466
T>A:TTT	0.0039810228	0.0002763159	0.0147121354	0.0102408504	0.0007	0.0276532963
T>C:ATA	0.013915773	0.0013035096	0.0130357094	0.0353667351	0.0075	0.0162065101
T>C:ATC	0.0062749606	0.0004255767	0.0091862897	0.0137711021	0.0056	0.0077878028
T>C:ATG	0.0101376362	0.000575473	0.0117169201	0.0284490517	0.0217	0.0098525836
T>C:ATT	0.0092563164	0.0014881641	0.0169788708	0.0273029742	0.0023	0.0218294638
T>C:CTA	0.0041766749	0.0005466192	0.0078950126	0.0142386298	0.0062	0.0051738424
T>C:CTC	0.0052525933	0.0003923326	0.0144311704	0.0124895004	0.004	0.0109368938
T>C:CTG	0.0070132253	0.0003620245	0.0084229721	0.0187416312	0.027	0.0056577736
T>C:CTT	0.0067138131	0.0005609001	0.0119324305	0.0190540829	0.0033	0.0111203893
T>C:GTA	0.0112478351	4.673852E-06	0.0068500556	0.0162949828	0.0122	0.0057207785
T>C:GTC	0.0069997243	0.0001860659	0.006260749	0.0095745606	0.0059	0.0051810515
T>C:GTG	0.0049775926	0.000000495	0.006098763	0.0141039293	0.0115	0.0050407075
T>C:GTT	0.0106674061	0.0005785981	0.0075093439	0.0156668747	0.0042	0.0084882203
T>C:TTA	0.0080736164	0.0001019324	0.0091154951	0.017059641	0.0059	0.0049010724
T>C:TTC	0.0048573812	0.0004703437	0.0109537909	0.0141957091	0.0035	0.0060810113
T>C:TTG	0.0083254542	0.0001923542	0.0061130332	0.0125965017	0.0106	0.0017124847
T>C:TTT	0.0062571056	0.0005853303	0.0107743363	0.0173751391	0.0029	0.0100034418
T>G:ATA	0.0015876364	3.3718411E-05	0.0023513681	0.003462152	0	0.0042197193
T>G:ATC	0.0017840913	2.4844826E-05	0.0014642311	0.0022465927	0.0017	0.0007936713
T>G:ATG	0.0013858306	0.0002734541	0.0090537776	0.0054902168	0.0007	0.0068658004
T>G:ATT	0.0031585393	0.0002176949	0.0070309764	0.0038212267	0.0029	0.0029399223
T>G:CTA	0.0003026912	0.0001137846	0.0019741811	0.0020416489	0.0001	0.0024240506
T>G:CTC	0.0020985024	2.2095087E-05	0.0058242955	0.0034785021	0.004	0.0020962106
T>G:CTG	0.0015995485	0.0002282459	0.0104646545	0.0071474562	0.005	0.0066040463
T>G:CTT	0.0027585376	6.711134E-05	0.0087243873	0.0114868115	0.0086	0.0048667139
T>G:GTA	0.000099045	9.5552392E-05	0.004144488	0.0016276645	0	0.0009745787
T>G:GTC	0.0002023656	4.7002381E-05	0.0045019853	0.0003277349	0.0016	0.0005248216
T>G:GTG	0.0011883532	0.0001099257	0.0163914526	0.0059488798	0.001	0.0060877535
T>G:GTT	0.0008007233	8.647718E-05	0.0070672366	0.0033074666	0.0035	0.0054274338
T>G:TTA	0.0013975537	0.000071737	0.0054271842	0.0052028744	0.0009	0.0017432214
T>G:TTC	0.001291737	1.4281456E-05	0.0061602504	0.0051316079	0.0019	0.0025498383
T>G:TTG	0.0020310769	0.0002066152	0.0110765263	0.0060552541	0.0011	0.0060303952
T>G:TTT	0.0040301282	2.3598204E-05	0.0130009842	0.0133699358	0.0072	0.0072239989
